RESULTADOS - problema_7_km
CONFIGURAÇÃO:
  Número de execuções: 20
  Gerações por execução: 100
  Taxa de mutação: 0.4
============================================================
ESTATÍSTICAS GERAIS
============================================================
Melhor caminho encontrado: [1, 10, 8, 9, 12, 7, 5, 11, 2, 3, 4, 6, 1]
Melhor custo encontrado: 673.90
Custo médio: 697.94
Tempo médio: 0.42s
Tempo total: 8.42s

============================================================
TODAS SOLUÇÕES ENCONTRADAS
============================================================

Top 1 --------
Custo: 673.90
Rota: [1, 10, 8, 9, 12, 7, 5, 11, 2, 3, 4, 6, 1]
---------------------------

Top 2 --------
Custo: 699.20
Rota: [1, 8, 9, 11, 10, 12, 7, 5, 2, 3, 4, 6, 1]
---------------------------

Top 3 --------
Custo: 699.20
Rota: [1, 8, 9, 11, 10, 12, 7, 5, 2, 3, 4, 6, 1]
---------------------------

Top 4 --------
Custo: 699.20
Rota: [1, 8, 9, 11, 10, 12, 7, 5, 2, 3, 4, 6, 1]
---------------------------

Top 5 --------
Custo: 699.20
Rota: [1, 8, 9, 11, 10, 12, 7, 5, 2, 3, 4, 6, 1]
---------------------------

Top 6 --------
Custo: 699.20
Rota: [1, 8, 9, 11, 10, 12, 7, 5, 2, 3, 4, 6, 1]
---------------------------

Top 7 --------
Custo: 699.20
Rota: [1, 8, 9, 11, 10, 12, 7, 5, 2, 3, 4, 6, 1]
---------------------------

Top 8 --------
Custo: 699.20
Rota: [1, 8, 9, 11, 10, 12, 7, 5, 2, 3, 4, 6, 1]
---------------------------

Top 9 --------
Custo: 699.20
Rota: [1, 8, 9, 11, 10, 12, 7, 5, 2, 3, 4, 6, 1]
---------------------------

Top 10 --------
Custo: 699.20
Rota: [1, 8, 9, 11, 10, 12, 7, 5, 2, 3, 4, 6, 1]
---------------------------

Top 11 --------
Custo: 699.20
Rota: [1, 8, 9, 11, 10, 12, 7, 5, 2, 3, 4, 6, 1]
---------------------------

Top 12 --------
Custo: 699.20
Rota: [1, 8, 9, 11, 10, 12, 7, 5, 2, 3, 4, 6, 1]
---------------------------

Top 13 --------
Custo: 699.20
Rota: [1, 8, 9, 11, 10, 12, 7, 5, 2, 3, 4, 6, 1]
---------------------------

Top 14 --------
Custo: 699.20
Rota: [1, 8, 9, 11, 10, 12, 7, 5, 2, 3, 4, 6, 1]
---------------------------

Top 15 --------
Custo: 699.20
Rota: [1, 8, 9, 11, 10, 12, 7, 5, 2, 3, 4, 6, 1]
---------------------------

Top 16 --------
Custo: 699.20
Rota: [1, 8, 9, 11, 10, 12, 7, 5, 2, 3, 4, 6, 1]
---------------------------

Top 17 --------
Custo: 699.20
Rota: [1, 8, 9, 11, 10, 12, 7, 5, 2, 3, 4, 6, 1]
---------------------------

Top 18 --------
Custo: 699.20
Rota: [1, 8, 9, 11, 10, 12, 7, 5, 2, 3, 4, 6, 1]
---------------------------

Top 19 --------
Custo: 699.20
Rota: [1, 8, 9, 11, 10, 12, 7, 5, 2, 3, 4, 6, 1]
---------------------------

Top 20 --------
Custo: 699.20
Rota: [1, 8, 9, 11, 10, 12, 7, 5, 2, 3, 4, 6, 1]
---------------------------
