RESULTADOS - problema_8_min
CONFIGURAÇÃO:
  Número de execuções: 20
  Gerações por execução: 100
  Taxa de mutação: 0.4
============================================================
ESTATÍSTICAS GERAIS
============================================================
Melhor caminho encontrado: [1, 8, 9, 7, 12, 10, 11, 5, 2, 3, 4, 6, 1]
Melhor custo encontrado: 609.00
Custo médio: 609.00
Tempo médio: 0.43s
Tempo total: 8.51s

============================================================
TODAS SOLUÇÕES ENCONTRADAS
============================================================

Top 1 --------
Custo: 609.00
Rota: [1, 8, 9, 7, 12, 10, 11, 5, 2, 3, 4, 6, 1]
---------------------------

Top 2 --------
Custo: 609.00
Rota: [1, 8, 9, 7, 12, 10, 11, 5, 2, 3, 4, 6, 1]
---------------------------

Top 3 --------
Custo: 609.00
Rota: [1, 8, 9, 7, 12, 10, 11, 5, 2, 3, 4, 6, 1]
---------------------------

Top 4 --------
Custo: 609.00
Rota: [1, 8, 9, 7, 12, 10, 11, 5, 2, 3, 4, 6, 1]
---------------------------

Top 5 --------
Custo: 609.00
Rota: [1, 8, 9, 7, 12, 10, 11, 5, 2, 3, 4, 6, 1]
---------------------------

Top 6 --------
Custo: 609.00
Rota: [1, 8, 9, 7, 12, 10, 11, 5, 2, 3, 4, 6, 1]
---------------------------

Top 7 --------
Custo: 609.00
Rota: [1, 8, 9, 7, 12, 10, 11, 5, 2, 3, 4, 6, 1]
---------------------------

Top 8 --------
Custo: 609.00
Rota: [1, 8, 9, 7, 12, 10, 11, 5, 2, 3, 4, 6, 1]
---------------------------

Top 9 --------
Custo: 609.00
Rota: [1, 8, 9, 7, 12, 10, 11, 5, 2, 3, 4, 6, 1]
---------------------------

Top 10 --------
Custo: 609.00
Rota: [1, 8, 9, 7, 12, 10, 11, 5, 2, 3, 4, 6, 1]
---------------------------

Top 11 --------
Custo: 609.00
Rota: [1, 8, 9, 7, 12, 10, 11, 5, 2, 3, 4, 6, 1]
---------------------------

Top 12 --------
Custo: 609.00
Rota: [1, 8, 9, 7, 12, 10, 11, 5, 2, 3, 4, 6, 1]
---------------------------

Top 13 --------
Custo: 609.00
Rota: [1, 8, 9, 7, 12, 10, 11, 5, 2, 3, 4, 6, 1]
---------------------------

Top 14 --------
Custo: 609.00
Rota: [1, 8, 9, 7, 12, 10, 11, 5, 2, 3, 4, 6, 1]
---------------------------

Top 15 --------
Custo: 609.00
Rota: [1, 8, 9, 7, 12, 10, 11, 5, 2, 3, 4, 6, 1]
---------------------------

Top 16 --------
Custo: 609.00
Rota: [1, 8, 9, 7, 12, 10, 11, 5, 2, 3, 4, 6, 1]
---------------------------

Top 17 --------
Custo: 609.00
Rota: [1, 8, 9, 7, 12, 10, 11, 5, 2, 3, 4, 6, 1]
---------------------------

Top 18 --------
Custo: 609.00
Rota: [1, 8, 9, 7, 12, 10, 11, 5, 2, 3, 4, 6, 1]
---------------------------

Top 19 --------
Custo: 609.00
Rota: [1, 8, 9, 7, 12, 10, 11, 5, 2, 3, 4, 6, 1]
---------------------------

Top 20 --------
Custo: 609.00
Rota: [1, 8, 9, 7, 12, 10, 11, 5, 2, 3, 4, 6, 1]
---------------------------
