RESULTADOS - PROBLEMA 3
CONFIGURAÇÃO:
  Número de execuções: 20
  Gerações por execução: 100
  Taxa de mutação: 0.4
============================================================
ESTATÍSTICAS GERAIS
============================================================
Melhor caminho encontrado: [1, 10, 12, 9, 8, 21, 22, 36, 25, 31, 17, 7, 19, 20, 33, 16, 34, 32, 26, 35, 13, 24, 29, 14, 18, 15, 28, 27, 6, 30, 4, 3, 23, 2, 5, 11, 1]
Melhor custo encontrado: 1713.90
Custo médio: 1714.75
Tempo médio: 1.15s
Tempo total: 23.06s

============================================================
TODAS SOLUÇÕES ENCONTRADAS
============================================================

Top 1 --------
Custo: 1713.90
Rota: [1, 10, 12, 9, 8, 21, 22, 36, 25, 31, 17, 7, 19, 20, 33, 16, 34, 32, 26, 35, 13, 24, 29, 14, 18, 15, 28, 27, 6, 30, 4, 3, 23, 2, 5, 11, 1]
---------------------------

Top 2 --------
Custo: 1713.90
Rota: [1, 10, 12, 9, 8, 21, 22, 36, 25, 31, 17, 7, 19, 20, 33, 16, 34, 32, 26, 35, 13, 24, 29, 14, 18, 23, 4, 3, 2, 5, 11, 15, 28, 27, 6, 30, 1]
---------------------------

Top 3 --------
Custo: 1713.90
Rota: [1, 10, 12, 9, 8, 21, 22, 36, 25, 31, 17, 7, 19, 20, 33, 16, 34, 32, 26, 35, 13, 24, 29, 14, 18, 15, 28, 27, 6, 30, 4, 3, 23, 2, 5, 11, 1]
---------------------------

Top 4 --------
Custo: 1713.90
Rota: [1, 10, 12, 9, 8, 21, 22, 36, 25, 31, 17, 7, 19, 20, 33, 16, 34, 32, 26, 35, 13, 24, 29, 14, 18, 15, 28, 27, 6, 30, 4, 3, 23, 2, 5, 11, 1]
---------------------------

Top 5 --------
Custo: 1713.90
Rota: [1, 10, 12, 9, 8, 21, 22, 36, 25, 31, 17, 7, 19, 20, 33, 16, 34, 32, 26, 35, 13, 24, 29, 14, 18, 15, 28, 27, 6, 30, 4, 23, 3, 2, 11, 5, 1]
---------------------------

Top 6 --------
Custo: 1713.90
Rota: [1, 10, 12, 9, 8, 21, 22, 36, 25, 31, 17, 7, 19, 20, 33, 16, 34, 32, 26, 35, 13, 24, 29, 14, 18, 15, 28, 27, 6, 30, 4, 3, 23, 2, 5, 11, 1]
---------------------------

Top 7 --------
Custo: 1713.90
Rota: [1, 10, 12, 9, 8, 21, 22, 36, 25, 31, 17, 7, 19, 20, 33, 23, 16, 34, 32, 26, 35, 13, 24, 29, 14, 18, 15, 28, 27, 6, 30, 4, 3, 2, 11, 5, 1]
---------------------------

Top 8 --------
Custo: 1713.90
Rota: [1, 10, 12, 9, 8, 21, 22, 36, 25, 31, 17, 7, 19, 20, 33, 16, 34, 32, 26, 35, 13, 24, 29, 14, 18, 15, 28, 27, 6, 30, 4, 3, 23, 2, 5, 11, 1]
---------------------------

Top 9 --------
Custo: 1713.90
Rota: [1, 10, 12, 9, 8, 21, 22, 36, 25, 31, 17, 7, 19, 20, 33, 16, 34, 32, 26, 35, 13, 24, 29, 14, 18, 15, 28, 27, 6, 30, 4, 3, 23, 2, 5, 11, 1]
---------------------------

Top 10 --------
Custo: 1713.90
Rota: [1, 10, 12, 9, 8, 21, 22, 36, 25, 31, 17, 7, 19, 20, 33, 16, 34, 32, 26, 35, 13, 24, 29, 14, 18, 15, 28, 27, 6, 30, 4, 3, 23, 2, 5, 11, 1]
---------------------------

Top 11 --------
Custo: 1713.90
Rota: [1, 10, 12, 9, 8, 21, 22, 36, 25, 31, 17, 7, 19, 20, 33, 16, 34, 32, 26, 35, 13, 24, 29, 14, 18, 15, 28, 27, 6, 30, 4, 3, 23, 2, 5, 11, 1]
---------------------------

Top 12 --------
Custo: 1713.90
Rota: [1, 10, 12, 9, 8, 21, 22, 36, 25, 31, 17, 7, 19, 20, 33, 16, 34, 32, 26, 35, 13, 24, 29, 14, 18, 15, 28, 27, 6, 30, 4, 3, 23, 2, 5, 11, 1]
---------------------------

Top 13 --------
Custo: 1713.90
Rota: [1, 23, 4, 3, 2, 5, 11, 10, 12, 9, 21, 22, 36, 25, 31, 7, 19, 17, 20, 33, 16, 34, 32, 26, 35, 13, 24, 29, 14, 18, 15, 28, 8, 27, 6, 30, 1]
---------------------------

Top 14 --------
Custo: 1713.90
Rota: [1, 10, 12, 9, 8, 23, 4, 3, 2, 5, 11, 21, 22, 36, 25, 31, 7, 19, 17, 20, 33, 16, 34, 32, 26, 35, 13, 24, 29, 14, 18, 15, 28, 27, 6, 30, 1]
---------------------------

Top 15 --------
Custo: 1715.80
Rota: [1, 23, 4, 3, 2, 5, 11, 10, 12, 9, 21, 22, 36, 25, 31, 7, 19, 17, 20, 33, 16, 34, 32, 26, 35, 13, 24, 8, 29, 14, 30, 18, 15, 28, 27, 6, 1]
---------------------------

Top 16 --------
Custo: 1716.90
Rota: [1, 23, 4, 3, 2, 5, 11, 10, 12, 9, 21, 22, 36, 25, 31, 7, 19, 17, 20, 33, 16, 34, 32, 26, 35, 13, 24, 29, 14, 18, 15, 28, 27, 6, 30, 8, 1]
---------------------------

Top 17 --------
Custo: 1716.90
Rota: [1, 23, 4, 3, 2, 5, 11, 10, 12, 9, 21, 22, 36, 25, 31, 7, 19, 17, 20, 33, 16, 34, 32, 26, 35, 13, 24, 29, 14, 18, 15, 28, 27, 6, 30, 8, 1]
---------------------------

Top 18 --------
Custo: 1716.90
Rota: [1, 23, 4, 3, 2, 5, 11, 10, 12, 9, 21, 22, 36, 25, 31, 7, 19, 17, 20, 33, 16, 34, 32, 26, 35, 13, 24, 29, 14, 18, 15, 28, 27, 6, 30, 8, 1]
---------------------------

Top 19 --------
Custo: 1716.90
Rota: [1, 23, 4, 3, 2, 5, 11, 10, 12, 9, 21, 22, 36, 25, 31, 7, 19, 17, 20, 33, 16, 34, 32, 26, 35, 13, 24, 29, 14, 18, 15, 28, 27, 6, 30, 8, 1]
---------------------------

Top 20 --------
Custo: 1716.90
Rota: [1, 23, 4, 3, 2, 5, 11, 10, 12, 9, 21, 22, 36, 25, 31, 7, 19, 17, 20, 33, 16, 34, 32, 26, 35, 13, 24, 29, 14, 18, 15, 28, 27, 6, 30, 8, 1]
---------------------------
