RESULTADOS - problema_1_km
CONFIGURAÇÃO:
  Número de execuções: 20
  Gerações por execução: 100
  Taxa de mutação: 0.4
============================================================
ESTATÍSTICAS GERAIS
============================================================
Melhor caminho encontrado: [1, 10, 12, 9, 8, 21, 22, 48, 40, 36, 25, 31, 17, 7, 19, 34, 16, 32, 26, 42, 35, 39, 33, 20, 38, 37, 47, 13, 24, 29, 43, 14, 46, 5, 11, 2, 23, 3, 4, 30, 6, 27, 28, 15, 18, 45, 44, 41, 1]
Melhor custo encontrado: 2046.20
Custo médio: 2046.20
Tempo médio: 1.66s
Tempo total: 33.22s

============================================================
TODAS SOLUÇÕES ENCONTRADAS
============================================================

Top 1 --------
Custo: 2046.20
Rota: [1, 10, 12, 9, 8, 21, 22, 48, 40, 36, 25, 31, 17, 7, 19, 34, 16, 32, 26, 42, 35, 39, 33, 20, 38, 37, 47, 13, 24, 29, 43, 14, 46, 5, 11, 2, 23, 3, 4, 30, 6, 27, 28, 15, 18, 45, 44, 41, 1]
---------------------------

Top 2 --------
Custo: 2046.20
Rota: [1, 10, 12, 9, 8, 21, 22, 48, 40, 36, 25, 31, 17, 7, 19, 34, 16, 32, 26, 42, 35, 39, 33, 20, 38, 37, 47, 13, 24, 29, 43, 14, 46, 5, 11, 2, 23, 3, 4, 30, 6, 27, 28, 15, 18, 45, 44, 41, 1]
---------------------------

Top 3 --------
Custo: 2046.20
Rota: [1, 10, 12, 9, 8, 21, 22, 48, 40, 36, 25, 31, 17, 7, 19, 34, 16, 32, 26, 42, 35, 39, 33, 20, 38, 37, 47, 13, 24, 29, 43, 14, 46, 5, 11, 2, 23, 3, 4, 30, 6, 27, 28, 15, 18, 45, 44, 41, 1]
---------------------------

Top 4 --------
Custo: 2046.20
Rota: [1, 10, 12, 9, 8, 21, 22, 48, 40, 36, 25, 31, 17, 7, 19, 34, 16, 32, 26, 42, 35, 39, 33, 20, 38, 37, 47, 13, 24, 29, 43, 14, 46, 5, 11, 2, 23, 3, 4, 30, 6, 27, 28, 15, 18, 45, 44, 41, 1]
---------------------------

Top 5 --------
Custo: 2046.20
Rota: [1, 10, 12, 9, 8, 21, 22, 48, 40, 36, 25, 31, 17, 7, 19, 34, 16, 32, 26, 42, 35, 39, 33, 20, 38, 37, 47, 13, 24, 29, 43, 14, 46, 5, 11, 2, 23, 3, 4, 30, 6, 27, 28, 15, 18, 45, 44, 41, 1]
---------------------------

Top 6 --------
Custo: 2046.20
Rota: [1, 10, 12, 9, 8, 21, 22, 48, 40, 36, 25, 31, 17, 7, 19, 34, 16, 32, 26, 42, 35, 39, 33, 20, 38, 37, 47, 13, 24, 29, 43, 14, 46, 5, 11, 2, 23, 3, 4, 30, 6, 27, 28, 15, 18, 45, 44, 41, 1]
---------------------------

Top 7 --------
Custo: 2046.20
Rota: [1, 10, 12, 9, 8, 21, 22, 48, 40, 36, 25, 31, 17, 7, 19, 34, 16, 32, 26, 42, 35, 39, 33, 20, 38, 37, 47, 13, 24, 29, 43, 14, 46, 5, 11, 2, 23, 3, 4, 30, 6, 27, 28, 15, 18, 45, 44, 41, 1]
---------------------------

Top 8 --------
Custo: 2046.20
Rota: [1, 10, 12, 9, 8, 21, 22, 48, 40, 36, 25, 31, 17, 7, 19, 34, 16, 32, 26, 42, 35, 39, 33, 20, 38, 37, 47, 13, 24, 29, 43, 14, 46, 5, 11, 2, 23, 3, 4, 30, 6, 27, 28, 15, 18, 45, 44, 41, 1]
---------------------------

Top 9 --------
Custo: 2046.20
Rota: [1, 10, 12, 9, 8, 21, 22, 48, 40, 36, 25, 31, 17, 7, 19, 34, 16, 32, 26, 42, 35, 39, 33, 20, 38, 37, 47, 13, 24, 29, 43, 14, 46, 5, 11, 2, 23, 3, 4, 30, 6, 27, 28, 15, 18, 45, 44, 41, 1]
---------------------------

Top 10 --------
Custo: 2046.20
Rota: [1, 10, 12, 9, 8, 21, 22, 48, 40, 36, 25, 31, 17, 7, 19, 34, 16, 32, 26, 42, 35, 39, 33, 20, 38, 37, 47, 13, 24, 29, 43, 14, 46, 5, 11, 2, 23, 3, 4, 30, 6, 27, 28, 15, 18, 45, 44, 41, 1]
---------------------------

Top 11 --------
Custo: 2046.20
Rota: [1, 10, 12, 9, 8, 21, 22, 48, 40, 36, 25, 31, 17, 7, 19, 34, 16, 32, 26, 42, 35, 39, 33, 20, 38, 37, 47, 13, 24, 29, 43, 14, 46, 5, 11, 2, 23, 3, 4, 30, 6, 27, 28, 15, 18, 45, 44, 41, 1]
---------------------------

Top 12 --------
Custo: 2046.20
Rota: [1, 10, 12, 9, 8, 21, 22, 48, 40, 36, 25, 31, 17, 7, 19, 34, 16, 32, 26, 42, 35, 39, 33, 20, 38, 37, 47, 13, 24, 29, 43, 14, 46, 5, 11, 2, 23, 3, 4, 30, 6, 27, 28, 15, 18, 45, 44, 41, 1]
---------------------------

Top 13 --------
Custo: 2046.20
Rota: [1, 10, 12, 9, 8, 21, 22, 48, 40, 36, 25, 31, 17, 7, 19, 34, 16, 32, 26, 42, 35, 39, 33, 20, 38, 37, 47, 13, 24, 29, 43, 14, 46, 5, 11, 2, 23, 3, 4, 30, 6, 27, 28, 15, 18, 45, 44, 41, 1]
---------------------------

Top 14 --------
Custo: 2046.20
Rota: [1, 10, 12, 9, 8, 21, 22, 48, 40, 36, 25, 31, 17, 7, 19, 34, 16, 32, 26, 42, 35, 39, 33, 20, 38, 37, 47, 13, 24, 29, 43, 14, 46, 5, 11, 2, 23, 3, 4, 30, 6, 27, 28, 15, 18, 45, 44, 41, 1]
---------------------------

Top 15 --------
Custo: 2046.20
Rota: [1, 10, 12, 9, 8, 21, 22, 48, 40, 36, 25, 31, 17, 7, 19, 34, 16, 32, 26, 42, 35, 39, 33, 20, 38, 37, 47, 13, 24, 29, 43, 14, 46, 5, 11, 2, 23, 3, 4, 30, 6, 27, 28, 15, 18, 45, 44, 41, 1]
---------------------------

Top 16 --------
Custo: 2046.20
Rota: [1, 10, 12, 9, 8, 21, 22, 48, 40, 36, 25, 31, 17, 7, 19, 34, 16, 32, 26, 42, 35, 39, 33, 20, 38, 37, 47, 13, 24, 29, 43, 14, 46, 5, 11, 2, 23, 3, 4, 30, 6, 27, 28, 15, 18, 45, 44, 41, 1]
---------------------------

Top 17 --------
Custo: 2046.20
Rota: [1, 10, 12, 9, 8, 21, 22, 48, 40, 36, 25, 31, 17, 7, 19, 34, 16, 32, 26, 42, 35, 39, 33, 20, 38, 37, 47, 13, 24, 29, 43, 14, 46, 5, 11, 2, 23, 3, 4, 30, 6, 27, 28, 15, 18, 45, 44, 41, 1]
---------------------------

Top 18 --------
Custo: 2046.20
Rota: [1, 10, 12, 9, 8, 21, 22, 48, 40, 36, 25, 31, 17, 7, 19, 34, 16, 32, 26, 42, 35, 39, 33, 20, 38, 37, 47, 13, 24, 29, 43, 14, 46, 5, 11, 2, 23, 3, 4, 30, 6, 27, 28, 15, 18, 45, 44, 41, 1]
---------------------------

Top 19 --------
Custo: 2046.20
Rota: [1, 10, 12, 9, 8, 21, 22, 48, 40, 36, 25, 31, 17, 7, 19, 34, 16, 32, 26, 42, 35, 39, 33, 20, 38, 37, 47, 13, 24, 29, 43, 14, 46, 5, 11, 2, 23, 3, 4, 30, 6, 27, 28, 15, 18, 45, 44, 41, 1]
---------------------------

Top 20 --------
Custo: 2046.20
Rota: [1, 10, 12, 9, 8, 21, 22, 48, 40, 36, 25, 31, 17, 7, 19, 34, 16, 32, 26, 42, 35, 39, 33, 20, 38, 37, 47, 13, 24, 29, 43, 14, 46, 5, 11, 2, 23, 3, 4, 30, 6, 27, 28, 15, 18, 45, 44, 41, 1]
---------------------------
