RESULTADOS - problema_4_min
CONFIGURAÇÃO:
  Número de execuções: 20
  Gerações por execução: 100
  Taxa de mutação: 0.4
============================================================
ESTATÍSTICAS GERAIS
============================================================
Melhor caminho encontrado: [1, 23, 4, 3, 2, 5, 11, 10, 12, 9, 8, 21, 30, 6, 27, 28, 15, 18, 14, 29, 24, 13, 35, 33, 16, 34, 26, 32, 19, 7, 20, 17, 25, 31, 36, 22, 1]
Melhor custo encontrado: 1701.00
Custo médio: 1725.75
Tempo médio: 1.29s
Tempo total: 25.82s

============================================================
TODAS SOLUÇÕES ENCONTRADAS
============================================================

Top 1 --------
Custo: 1701.00
Rota: [1, 23, 4, 3, 2, 5, 11, 10, 12, 9, 8, 21, 30, 6, 27, 28, 15, 18, 14, 29, 24, 13, 35, 33, 16, 34, 26, 32, 19, 7, 20, 17, 25, 31, 36, 22, 1]
---------------------------

Top 2 --------
Custo: 1710.00
Rota: [1, 23, 4, 3, 2, 5, 11, 10, 12, 9, 8, 21, 30, 6, 27, 28, 15, 18, 14, 29, 24, 13, 35, 33, 16, 34, 26, 32, 19, 20, 17, 7, 31, 25, 36, 22, 1]
---------------------------

Top 3 --------
Custo: 1728.00
Rota: [1, 23, 4, 3, 2, 5, 11, 10, 12, 9, 8, 21, 30, 6, 27, 28, 15, 18, 14, 29, 24, 13, 35, 33, 16, 34, 26, 32, 19, 7, 31, 36, 22, 25, 17, 20, 1]
---------------------------

Top 4 --------
Custo: 1728.00
Rota: [1, 23, 4, 3, 2, 5, 11, 10, 12, 9, 8, 21, 30, 6, 27, 28, 15, 18, 14, 29, 24, 13, 35, 33, 16, 34, 26, 32, 19, 7, 31, 36, 22, 25, 17, 20, 1]
---------------------------

Top 5 --------
Custo: 1728.00
Rota: [1, 23, 4, 3, 2, 5, 11, 10, 12, 9, 8, 21, 30, 6, 27, 28, 15, 18, 14, 29, 24, 13, 35, 33, 16, 34, 26, 32, 19, 7, 31, 36, 22, 25, 17, 20, 1]
---------------------------

Top 6 --------
Custo: 1728.00
Rota: [1, 23, 4, 3, 2, 5, 11, 10, 12, 9, 8, 21, 30, 6, 27, 28, 15, 18, 14, 29, 24, 13, 35, 33, 16, 34, 26, 32, 19, 7, 31, 36, 22, 25, 17, 20, 1]
---------------------------

Top 7 --------
Custo: 1728.00
Rota: [1, 23, 4, 3, 2, 5, 11, 10, 12, 9, 8, 21, 30, 6, 27, 28, 15, 18, 14, 29, 24, 13, 35, 33, 16, 34, 26, 32, 19, 7, 31, 36, 22, 25, 17, 20, 1]
---------------------------

Top 8 --------
Custo: 1728.00
Rota: [1, 23, 4, 3, 2, 5, 11, 10, 12, 9, 8, 21, 30, 6, 27, 28, 15, 18, 14, 29, 24, 13, 35, 33, 16, 34, 26, 32, 19, 7, 31, 36, 22, 25, 17, 20, 1]
---------------------------

Top 9 --------
Custo: 1728.00
Rota: [1, 23, 4, 3, 2, 5, 11, 10, 12, 9, 8, 21, 30, 6, 27, 28, 15, 18, 14, 29, 24, 13, 35, 33, 16, 34, 26, 32, 19, 7, 31, 36, 22, 25, 17, 20, 1]
---------------------------

Top 10 --------
Custo: 1728.00
Rota: [1, 23, 4, 3, 2, 5, 11, 10, 12, 9, 8, 21, 30, 6, 27, 28, 15, 18, 14, 29, 24, 13, 35, 33, 16, 34, 26, 32, 19, 7, 31, 36, 22, 25, 17, 20, 1]
---------------------------

Top 11 --------
Custo: 1728.00
Rota: [1, 23, 4, 3, 2, 5, 11, 10, 12, 9, 8, 21, 30, 6, 27, 28, 15, 18, 14, 29, 24, 13, 35, 33, 16, 34, 26, 32, 19, 7, 31, 36, 22, 25, 17, 20, 1]
---------------------------

Top 12 --------
Custo: 1728.00
Rota: [1, 23, 4, 3, 2, 5, 11, 10, 12, 9, 8, 21, 30, 6, 27, 28, 15, 18, 14, 29, 24, 13, 35, 33, 16, 34, 26, 32, 19, 7, 31, 36, 22, 25, 17, 20, 1]
---------------------------

Top 13 --------
Custo: 1728.00
Rota: [1, 23, 4, 3, 2, 5, 11, 10, 12, 9, 8, 21, 30, 6, 27, 28, 15, 18, 14, 29, 24, 13, 35, 33, 16, 34, 26, 32, 19, 7, 31, 36, 22, 25, 17, 20, 1]
---------------------------

Top 14 --------
Custo: 1728.00
Rota: [1, 23, 4, 3, 2, 5, 11, 10, 12, 9, 8, 21, 30, 6, 27, 28, 15, 18, 14, 29, 24, 13, 35, 33, 16, 34, 26, 32, 19, 7, 31, 36, 22, 25, 17, 20, 1]
---------------------------

Top 15 --------
Custo: 1728.00
Rota: [1, 23, 4, 3, 2, 5, 11, 10, 12, 9, 8, 21, 30, 6, 27, 28, 15, 18, 14, 29, 24, 13, 35, 33, 16, 34, 26, 32, 19, 7, 31, 36, 22, 25, 17, 20, 1]
---------------------------

Top 16 --------
Custo: 1728.00
Rota: [1, 23, 4, 3, 2, 5, 11, 10, 12, 9, 8, 21, 30, 6, 27, 28, 15, 18, 14, 29, 24, 13, 35, 33, 16, 34, 26, 32, 19, 7, 31, 36, 22, 25, 17, 20, 1]
---------------------------

Top 17 --------
Custo: 1728.00
Rota: [1, 23, 4, 3, 2, 5, 11, 10, 12, 9, 8, 21, 30, 6, 27, 28, 15, 18, 14, 29, 24, 13, 35, 33, 16, 34, 26, 32, 19, 7, 31, 36, 22, 25, 17, 20, 1]
---------------------------

Top 18 --------
Custo: 1728.00
Rota: [1, 23, 4, 3, 2, 5, 11, 10, 12, 9, 8, 21, 30, 6, 27, 28, 15, 18, 14, 29, 24, 13, 35, 33, 16, 34, 26, 32, 19, 7, 31, 36, 22, 25, 17, 20, 1]
---------------------------

Top 19 --------
Custo: 1728.00
Rota: [1, 23, 4, 3, 2, 5, 11, 10, 12, 9, 8, 21, 30, 6, 27, 28, 15, 18, 14, 29, 24, 13, 35, 33, 16, 34, 26, 32, 19, 7, 31, 36, 22, 25, 17, 20, 1]
---------------------------

Top 20 --------
Custo: 1728.00
Rota: [1, 23, 4, 3, 2, 5, 11, 10, 12, 9, 8, 21, 30, 6, 27, 28, 15, 18, 14, 29, 24, 13, 35, 33, 16, 34, 26, 32, 19, 7, 31, 36, 22, 25, 17, 20, 1]
---------------------------
