RESULTADOS - problema_2_min
CONFIGURAÇÃO:
  Número de execuções: 20
  Gerações por execução: 100
  Taxa de mutação: 0.4
============================================================
ESTATÍSTICAS GERAIS
============================================================
Melhor caminho encontrado: [1, 10, 11, 5, 2, 3, 4, 30, 6, 27, 41, 44, 28, 15, 18, 45, 46, 14, 43, 29, 24, 13, 37, 47, 39, 35, 42, 26, 32, 16, 34, 33, 19, 7, 31, 36, 22, 48, 40, 25, 17, 20, 38, 12, 9, 8, 21, 23, 1]
Melhor custo encontrado: 2004.00
Custo médio: 2071.00
Tempo médio: 1.73s
Tempo total: 34.66s

============================================================
TODAS SOLUÇÕES ENCONTRADAS
============================================================

Top 1 --------
Custo: 2004.00
Rota: [1, 10, 11, 5, 2, 3, 4, 30, 6, 27, 41, 44, 28, 15, 18, 45, 46, 14, 43, 29, 24, 13, 37, 47, 39, 35, 42, 26, 32, 16, 34, 33, 19, 7, 31, 36, 22, 48, 40, 25, 17, 20, 38, 12, 9, 8, 21, 23, 1]
---------------------------

Top 2 --------
Custo: 2008.00
Rota: [1, 11, 5, 2, 3, 4, 41, 27, 6, 30, 44, 28, 15, 18, 45, 46, 14, 43, 29, 24, 13, 37, 47, 39, 35, 42, 26, 32, 16, 34, 33, 19, 7, 31, 36, 22, 48, 40, 25, 17, 20, 38, 10, 12, 9, 8, 21, 23, 1]
---------------------------

Top 3 --------
Custo: 2009.00
Rota: [1, 4, 3, 2, 5, 11, 10, 8, 9, 12, 38, 20, 17, 25, 40, 48, 22, 36, 31, 7, 19, 33, 34, 16, 32, 26, 42, 35, 39, 47, 37, 13, 24, 29, 43, 14, 46, 45, 18, 15, 28, 44, 41, 27, 6, 30, 21, 23, 1]
---------------------------

Top 4 --------
Custo: 2012.00
Rota: [1, 23, 4, 3, 2, 5, 11, 10, 8, 9, 12, 38, 20, 17, 25, 40, 48, 22, 36, 31, 7, 19, 33, 34, 16, 32, 26, 42, 35, 39, 47, 37, 13, 24, 29, 43, 14, 46, 45, 18, 15, 28, 44, 41, 27, 6, 30, 21, 1]
---------------------------

Top 5 --------
Custo: 2020.00
Rota: [1, 8, 9, 21, 23, 4, 3, 2, 5, 11, 10, 12, 38, 20, 17, 25, 40, 48, 22, 36, 31, 7, 19, 33, 34, 16, 32, 26, 42, 35, 39, 47, 37, 13, 24, 29, 43, 14, 46, 45, 18, 15, 28, 44, 41, 27, 6, 30, 1]
---------------------------

Top 6 --------
Custo: 2025.00
Rota: [1, 23, 4, 3, 2, 5, 11, 10, 12, 9, 8, 21, 38, 20, 17, 25, 40, 48, 22, 36, 31, 7, 19, 33, 34, 16, 32, 26, 42, 35, 39, 47, 37, 13, 24, 29, 43, 14, 46, 45, 18, 15, 28, 44, 41, 27, 6, 30, 1]
---------------------------

Top 7 --------
Custo: 2025.00
Rota: [1, 23, 4, 3, 2, 5, 11, 10, 12, 9, 8, 21, 38, 20, 17, 25, 40, 48, 22, 36, 31, 7, 19, 33, 34, 16, 32, 26, 42, 35, 39, 47, 37, 13, 24, 29, 43, 14, 46, 45, 18, 15, 28, 44, 41, 27, 6, 30, 1]
---------------------------

Top 8 --------
Custo: 2033.00
Rota: [1, 23, 4, 3, 2, 5, 11, 10, 12, 9, 8, 21, 22, 40, 48, 38, 20, 17, 25, 36, 31, 7, 19, 33, 34, 16, 32, 26, 42, 35, 39, 47, 37, 13, 24, 29, 43, 14, 46, 45, 18, 15, 28, 44, 41, 27, 6, 30, 1]
---------------------------

Top 9 --------
Custo: 2107.00
Rota: [1, 8, 9, 12, 10, 38, 20, 17, 25, 40, 48, 22, 36, 31, 7, 19, 33, 34, 16, 32, 26, 42, 35, 39, 47, 37, 13, 24, 43, 29, 3, 4, 2, 11, 5, 14, 46, 45, 18, 15, 28, 44, 41, 27, 6, 30, 21, 23, 1]
---------------------------

Top 10 --------
Custo: 2107.00
Rota: [1, 8, 9, 12, 10, 38, 20, 17, 25, 40, 48, 22, 36, 31, 7, 19, 33, 34, 16, 32, 26, 42, 35, 39, 47, 37, 13, 24, 43, 29, 3, 4, 2, 11, 5, 14, 46, 45, 18, 15, 28, 44, 41, 27, 6, 30, 21, 23, 1]
---------------------------

Top 11 --------
Custo: 2107.00
Rota: [1, 8, 9, 12, 10, 38, 20, 17, 25, 40, 48, 22, 36, 31, 7, 19, 33, 34, 16, 32, 26, 42, 35, 39, 47, 37, 13, 24, 43, 29, 3, 4, 2, 11, 5, 14, 46, 45, 18, 15, 28, 44, 41, 27, 6, 30, 21, 23, 1]
---------------------------

Top 12 --------
Custo: 2107.00
Rota: [1, 8, 9, 12, 10, 38, 20, 17, 25, 40, 48, 22, 36, 31, 7, 19, 33, 34, 16, 32, 26, 42, 35, 39, 47, 37, 13, 24, 43, 29, 3, 4, 2, 11, 5, 14, 46, 45, 18, 15, 28, 44, 41, 27, 6, 30, 21, 23, 1]
---------------------------

Top 13 --------
Custo: 2107.00
Rota: [1, 8, 9, 12, 10, 38, 20, 17, 25, 40, 48, 22, 36, 31, 7, 19, 33, 34, 16, 32, 26, 42, 35, 39, 47, 37, 13, 24, 43, 29, 3, 4, 2, 11, 5, 14, 46, 45, 18, 15, 28, 44, 41, 27, 6, 30, 21, 23, 1]
---------------------------

Top 14 --------
Custo: 2107.00
Rota: [1, 8, 9, 12, 10, 38, 20, 17, 25, 40, 48, 22, 36, 31, 7, 19, 33, 34, 16, 32, 26, 42, 35, 39, 47, 37, 13, 24, 43, 29, 3, 4, 2, 11, 5, 14, 46, 45, 18, 15, 28, 44, 41, 27, 6, 30, 21, 23, 1]
---------------------------

Top 15 --------
Custo: 2107.00
Rota: [1, 8, 9, 12, 10, 38, 20, 17, 25, 40, 48, 22, 36, 31, 7, 19, 33, 34, 16, 32, 26, 42, 35, 39, 47, 37, 13, 24, 43, 29, 3, 4, 2, 11, 5, 14, 46, 45, 18, 15, 28, 44, 41, 27, 6, 30, 21, 23, 1]
---------------------------

Top 16 --------
Custo: 2107.00
Rota: [1, 8, 9, 12, 10, 38, 20, 17, 25, 40, 48, 22, 36, 31, 7, 19, 33, 34, 16, 32, 26, 42, 35, 39, 47, 37, 13, 24, 43, 29, 3, 4, 2, 11, 5, 14, 46, 45, 18, 15, 28, 44, 41, 27, 6, 30, 21, 23, 1]
---------------------------

Top 17 --------
Custo: 2107.00
Rota: [1, 8, 9, 12, 10, 38, 20, 17, 25, 40, 48, 22, 36, 31, 7, 19, 33, 34, 16, 32, 26, 42, 35, 39, 47, 37, 13, 24, 43, 29, 3, 4, 2, 11, 5, 14, 46, 45, 18, 15, 28, 44, 41, 27, 6, 30, 21, 23, 1]
---------------------------

Top 18 --------
Custo: 2107.00
Rota: [1, 8, 9, 12, 10, 38, 20, 17, 25, 40, 48, 22, 36, 31, 7, 19, 33, 34, 16, 32, 26, 42, 35, 39, 47, 37, 13, 24, 43, 29, 3, 4, 2, 11, 5, 14, 46, 45, 18, 15, 28, 44, 41, 27, 6, 30, 21, 23, 1]
---------------------------

Top 19 --------
Custo: 2107.00
Rota: [1, 8, 9, 12, 10, 38, 20, 17, 25, 40, 48, 22, 36, 31, 7, 19, 33, 34, 16, 32, 26, 42, 35, 39, 47, 37, 13, 24, 43, 29, 3, 4, 2, 11, 5, 14, 46, 45, 18, 15, 28, 44, 41, 27, 6, 30, 21, 23, 1]
---------------------------

Top 20 --------
Custo: 2107.00
Rota: [1, 8, 9, 12, 10, 38, 20, 17, 25, 40, 48, 22, 36, 31, 7, 19, 33, 34, 16, 32, 26, 42, 35, 39, 47, 37, 13, 24, 43, 29, 3, 4, 2, 11, 5, 14, 46, 45, 18, 15, 28, 44, 41, 27, 6, 30, 21, 23, 1]
---------------------------
