RESULTADOS - PROBLEMA 6
CONFIGURAÇÃO:
  Número de execuções: 20
  Gerações por execução: 100
  Taxa de mutação: 0.4
============================================================
ESTATÍSTICAS GERAIS
============================================================
Melhor caminho encontrado: [1, 23, 2, 5, 11, 10, 12, 9, 8, 21, 22, 17, 7, 19, 16, 20, 13, 24, 14, 18, 15, 6, 4, 3, 1]
Melhor custo encontrado: 1235.00
Custo médio: 1235.00
Tempo médio: 0.64s
Tempo total: 12.72s

============================================================
TODAS SOLUÇÕES ENCONTRADAS
============================================================

Top 1 --------
Custo: 1235.00
Rota: [1, 23, 2, 5, 11, 10, 12, 9, 8, 21, 22, 17, 7, 19, 16, 20, 13, 24, 14, 18, 15, 6, 4, 3, 1]
---------------------------

Top 2 --------
Custo: 1235.00
Rota: [1, 23, 2, 5, 11, 10, 12, 9, 8, 21, 22, 17, 7, 19, 16, 20, 13, 24, 14, 18, 15, 6, 4, 3, 1]
---------------------------

Top 3 --------
Custo: 1235.00
Rota: [1, 23, 2, 5, 11, 10, 12, 9, 8, 21, 22, 17, 7, 19, 16, 20, 13, 24, 14, 18, 15, 6, 4, 3, 1]
---------------------------

Top 4 --------
Custo: 1235.00
Rota: [1, 23, 2, 5, 11, 10, 12, 9, 8, 21, 22, 17, 7, 19, 16, 20, 13, 24, 14, 18, 15, 6, 4, 3, 1]
---------------------------

Top 5 --------
Custo: 1235.00
Rota: [1, 23, 2, 5, 11, 10, 12, 9, 8, 21, 22, 17, 7, 19, 16, 20, 13, 24, 14, 18, 15, 6, 4, 3, 1]
---------------------------

Top 6 --------
Custo: 1235.00
Rota: [1, 23, 2, 5, 11, 10, 12, 9, 8, 21, 22, 17, 7, 19, 16, 20, 13, 24, 14, 18, 15, 6, 4, 3, 1]
---------------------------

Top 7 --------
Custo: 1235.00
Rota: [1, 23, 2, 5, 11, 10, 12, 9, 8, 21, 22, 17, 7, 19, 16, 20, 13, 24, 14, 18, 15, 6, 4, 3, 1]
---------------------------

Top 8 --------
Custo: 1235.00
Rota: [1, 23, 2, 5, 11, 10, 12, 9, 8, 21, 22, 17, 7, 19, 16, 20, 13, 24, 14, 18, 15, 6, 4, 3, 1]
---------------------------

Top 9 --------
Custo: 1235.00
Rota: [1, 23, 2, 5, 11, 10, 12, 9, 8, 21, 22, 17, 7, 19, 16, 20, 13, 24, 14, 18, 15, 6, 4, 3, 1]
---------------------------

Top 10 --------
Custo: 1235.00
Rota: [1, 23, 2, 5, 11, 10, 12, 9, 8, 21, 22, 17, 7, 19, 16, 20, 13, 24, 14, 18, 15, 6, 4, 3, 1]
---------------------------

Top 11 --------
Custo: 1235.00
Rota: [1, 23, 2, 5, 11, 10, 12, 9, 8, 21, 22, 17, 7, 19, 16, 20, 13, 24, 14, 18, 15, 6, 4, 3, 1]
---------------------------

Top 12 --------
Custo: 1235.00
Rota: [1, 23, 2, 5, 11, 10, 12, 9, 8, 21, 22, 17, 7, 19, 16, 20, 13, 24, 14, 18, 15, 6, 4, 3, 1]
---------------------------

Top 13 --------
Custo: 1235.00
Rota: [1, 23, 2, 5, 11, 10, 12, 9, 8, 21, 22, 17, 7, 19, 16, 20, 13, 24, 14, 18, 15, 6, 4, 3, 1]
---------------------------

Top 14 --------
Custo: 1235.00
Rota: [1, 23, 2, 5, 11, 10, 12, 9, 8, 21, 22, 17, 7, 19, 16, 20, 13, 24, 14, 18, 15, 6, 4, 3, 1]
---------------------------

Top 15 --------
Custo: 1235.00
Rota: [1, 23, 2, 5, 11, 10, 12, 9, 8, 21, 22, 17, 7, 19, 16, 20, 13, 24, 14, 18, 15, 6, 4, 3, 1]
---------------------------

Top 16 --------
Custo: 1235.00
Rota: [1, 23, 2, 5, 11, 10, 12, 9, 8, 21, 22, 17, 7, 19, 16, 20, 13, 24, 14, 18, 15, 6, 4, 3, 1]
---------------------------

Top 17 --------
Custo: 1235.00
Rota: [1, 23, 2, 5, 11, 10, 12, 9, 8, 21, 22, 17, 7, 19, 16, 20, 13, 24, 14, 18, 15, 6, 4, 3, 1]
---------------------------

Top 18 --------
Custo: 1235.00
Rota: [1, 23, 2, 5, 11, 10, 12, 9, 8, 21, 22, 17, 7, 19, 16, 20, 13, 24, 14, 18, 15, 6, 4, 3, 1]
---------------------------

Top 19 --------
Custo: 1235.00
Rota: [1, 23, 2, 5, 11, 10, 12, 9, 8, 21, 22, 17, 7, 19, 16, 20, 13, 24, 14, 18, 15, 6, 4, 3, 1]
---------------------------

Top 20 --------
Custo: 1235.00
Rota: [1, 23, 2, 5, 11, 10, 12, 9, 8, 21, 22, 17, 7, 19, 16, 20, 13, 24, 14, 18, 15, 6, 4, 3, 1]
---------------------------
