RESULTADOS - PROBLEMA_3_KM

CONFIGURAÇÃO:
  Número de gerações: 20
  Taxa de mutação: 0.3
============================================================
ESTATÍSTICAS GERAIS
============================================================
Melhor caminho encontrado: [1, 8, 9, 21, 30, 6, 27, 28, 15, 18, 14, 29, 24, 13, 35, 26, 32, 34, 16, 33, 20, 19, 7, 17, 31, 25, 36, 22, 12, 10, 11, 5, 2, 3, 4, 23, 1]
Melhor custo encontrado: 1695.00
Custo médio: 1696.07
Tempo médio: 6.69s
Tempo total: 133.74s

============================================================
TODAS AS MELHORES SOLUÇÕES POR GERAÇÃO
============================================================

Geração 1 --------
Custo: 1705.60
Rota: [1, 2, 5, 11, 10, 12, 9, 8, 21, 22, 36, 25, 31, 17, 7, 19, 20, 33, 16, 34, 32, 26, 35, 13, 24, 29, 14, 18, 15, 28, 27, 6, 30, 4, 3, 23, 1]
---------------------------

Geração 2 --------
Custo: 1705.60
Rota: [1, 2, 5, 11, 10, 12, 9, 8, 21, 22, 36, 25, 31, 17, 7, 19, 20, 33, 16, 34, 32, 26, 35, 13, 24, 29, 14, 18, 15, 28, 27, 6, 30, 4, 3, 23, 1]
---------------------------

Geração 3 --------
Custo: 1695.10
Rota: [1, 8, 21, 30, 6, 27, 28, 15, 18, 14, 29, 24, 13, 35, 26, 32, 34, 16, 33, 20, 19, 7, 17, 31, 25, 36, 22, 9, 12, 10, 11, 5, 2, 3, 4, 23, 1]
---------------------------

Geração 4 --------
Custo: 1695.10
Rota: [1, 8, 21, 30, 6, 27, 28, 15, 18, 14, 29, 24, 13, 35, 26, 32, 34, 16, 33, 20, 19, 7, 17, 31, 25, 36, 22, 9, 12, 10, 11, 5, 2, 3, 4, 23, 1]
---------------------------

Geração 5 --------
Custo: 1695.00
Rota: [1, 8, 9, 21, 30, 6, 27, 28, 15, 18, 14, 29, 24, 13, 35, 26, 32, 34, 16, 33, 20, 19, 7, 17, 31, 25, 36, 22, 12, 10, 11, 5, 2, 3, 4, 23, 1]
---------------------------

Geração 6 --------
Custo: 1695.00
Rota: [1, 8, 9, 21, 30, 6, 27, 28, 15, 18, 14, 29, 24, 13, 35, 26, 32, 34, 16, 33, 20, 19, 7, 17, 31, 25, 36, 22, 12, 10, 11, 5, 2, 3, 4, 23, 1]
---------------------------

Geração 7 --------
Custo: 1695.00
Rota: [1, 8, 9, 21, 30, 6, 27, 28, 15, 18, 14, 29, 24, 13, 35, 26, 32, 34, 16, 33, 20, 19, 7, 17, 31, 25, 36, 22, 12, 10, 11, 5, 2, 3, 4, 23, 1]
---------------------------

Geração 8 --------
Custo: 1695.00
Rota: [1, 8, 9, 21, 30, 6, 27, 28, 15, 18, 14, 29, 24, 13, 35, 26, 32, 34, 16, 33, 20, 19, 7, 17, 31, 25, 36, 22, 12, 10, 11, 5, 2, 3, 4, 23, 1]
---------------------------

Geração 9 --------
Custo: 1695.00
Rota: [1, 8, 9, 21, 30, 6, 27, 28, 15, 18, 14, 29, 24, 13, 35, 26, 32, 34, 16, 33, 20, 19, 7, 17, 31, 25, 36, 22, 12, 10, 11, 5, 2, 3, 4, 23, 1]
---------------------------

Geração 10 --------
Custo: 1695.00
Rota: [1, 8, 9, 21, 30, 6, 27, 28, 15, 18, 14, 29, 24, 13, 35, 26, 32, 34, 16, 33, 20, 19, 7, 17, 31, 25, 36, 22, 12, 10, 11, 5, 2, 3, 4, 23, 1]
---------------------------

Geração 11 --------
Custo: 1695.00
Rota: [1, 8, 9, 21, 30, 6, 27, 28, 15, 18, 14, 29, 24, 13, 35, 26, 32, 34, 16, 33, 20, 19, 7, 17, 31, 25, 36, 22, 12, 10, 11, 5, 2, 3, 4, 23, 1]
---------------------------

Geração 12 --------
Custo: 1695.00
Rota: [1, 8, 9, 21, 30, 6, 27, 28, 15, 18, 14, 29, 24, 13, 35, 26, 32, 34, 16, 33, 20, 19, 7, 17, 31, 25, 36, 22, 12, 10, 11, 5, 2, 3, 4, 23, 1]
---------------------------

Geração 13 --------
Custo: 1695.00
Rota: [1, 8, 9, 21, 30, 6, 27, 28, 15, 18, 14, 29, 24, 13, 35, 26, 32, 34, 16, 33, 20, 19, 7, 17, 31, 25, 36, 22, 12, 10, 11, 5, 2, 3, 4, 23, 1]
---------------------------

Geração 14 --------
Custo: 1695.00
Rota: [1, 8, 9, 21, 30, 6, 27, 28, 15, 18, 14, 29, 24, 13, 35, 26, 32, 34, 16, 33, 20, 19, 7, 17, 31, 25, 36, 22, 12, 10, 11, 5, 2, 3, 4, 23, 1]
---------------------------

Geração 15 --------
Custo: 1695.00
Rota: [1, 8, 9, 21, 30, 6, 27, 28, 15, 18, 14, 29, 24, 13, 35, 26, 32, 34, 16, 33, 20, 19, 7, 17, 31, 25, 36, 22, 12, 10, 11, 5, 2, 3, 4, 23, 1]
---------------------------

Geração 16 --------
Custo: 1695.00
Rota: [1, 8, 9, 21, 30, 6, 27, 28, 15, 18, 14, 29, 24, 13, 35, 26, 32, 34, 16, 33, 20, 19, 7, 17, 31, 25, 36, 22, 12, 10, 11, 5, 2, 3, 4, 23, 1]
---------------------------

Geração 17 --------
Custo: 1695.00
Rota: [1, 8, 9, 21, 30, 6, 27, 28, 15, 18, 14, 29, 24, 13, 35, 26, 32, 34, 16, 33, 20, 19, 7, 17, 31, 25, 36, 22, 12, 10, 11, 5, 2, 3, 4, 23, 1]
---------------------------

Geração 18 --------
Custo: 1695.00
Rota: [1, 8, 9, 21, 30, 6, 27, 28, 15, 18, 14, 29, 24, 13, 35, 26, 32, 34, 16, 33, 20, 19, 7, 17, 31, 25, 36, 22, 12, 10, 11, 5, 2, 3, 4, 23, 1]
---------------------------

Geração 19 --------
Custo: 1695.00
Rota: [1, 8, 9, 21, 30, 6, 27, 28, 15, 18, 14, 29, 24, 13, 35, 26, 32, 34, 16, 33, 20, 19, 7, 17, 31, 25, 36, 22, 12, 10, 11, 5, 2, 3, 4, 23, 1]
---------------------------

Geração 20 --------
Custo: 1695.00
Rota: [1, 8, 9, 21, 30, 6, 27, 28, 15, 18, 14, 29, 24, 13, 35, 26, 32, 34, 16, 33, 20, 19, 7, 17, 31, 25, 36, 22, 12, 10, 11, 5, 2, 3, 4, 23, 1]
---------------------------
