RESULTADOS - PROBLEMA 8
CONFIGURAÇÃO:
  Número de gerações: 20
  Taxa de mutação: 0.3
============================================================
ESTATÍSTICAS GERAIS
============================================================
Melhor caminho encontrado: [1, 8, 9, 12, 7, 5, 11, 10, 3, 4, 6, 2, 1]
Melhor custo encontrado: 606.00
Custo médio: 606.00
Tempo médio: 0.11s
Tempo total: 2.15s

============================================================
TODAS MELHORES SOLUÇÕES ENCONTRADAS
============================================================
\GERAÇÃO 1 --------
Custo: 606.00
Rota: [1, 8, 9, 12, 7, 5, 11, 10, 3, 4, 6, 2, 1]
---------------------------
\GERAÇÃO 2 --------
Custo: 606.00
Rota: [1, 8, 9, 12, 7, 5, 11, 10, 3, 4, 6, 2, 1]
---------------------------
\GERAÇÃO 3 --------
Custo: 606.00
Rota: [1, 8, 9, 12, 7, 5, 11, 10, 3, 4, 6, 2, 1]
---------------------------
\GERAÇÃO 4 --------
Custo: 606.00
Rota: [1, 8, 9, 12, 7, 5, 11, 10, 3, 4, 6, 2, 1]
---------------------------
\GERAÇÃO 5 --------
Custo: 606.00
Rota: [1, 8, 9, 12, 7, 5, 11, 10, 3, 4, 6, 2, 1]
---------------------------
\GERAÇÃO 6 --------
Custo: 606.00
Rota: [1, 8, 9, 12, 7, 5, 11, 10, 3, 4, 6, 2, 1]
---------------------------
\GERAÇÃO 7 --------
Custo: 606.00
Rota: [1, 8, 9, 12, 7, 5, 11, 10, 3, 4, 6, 2, 1]
---------------------------
\GERAÇÃO 8 --------
Custo: 606.00
Rota: [1, 8, 9, 12, 7, 5, 11, 10, 3, 4, 6, 2, 1]
---------------------------
\GERAÇÃO 9 --------
Custo: 606.00
Rota: [1, 8, 9, 12, 7, 5, 11, 10, 3, 4, 6, 2, 1]
---------------------------
\GERAÇÃO 10 --------
Custo: 606.00
Rota: [1, 8, 9, 12, 7, 5, 11, 10, 3, 4, 6, 2, 1]
---------------------------
\GERAÇÃO 11 --------
Custo: 606.00
Rota: [1, 8, 9, 12, 7, 5, 11, 10, 3, 4, 6, 2, 1]
---------------------------
\GERAÇÃO 12 --------
Custo: 606.00
Rota: [1, 8, 9, 12, 7, 5, 11, 10, 3, 4, 6, 2, 1]
---------------------------
\GERAÇÃO 13 --------
Custo: 606.00
Rota: [1, 8, 9, 12, 7, 5, 11, 10, 3, 4, 6, 2, 1]
---------------------------
\GERAÇÃO 14 --------
Custo: 606.00
Rota: [1, 8, 9, 12, 7, 5, 11, 10, 3, 4, 6, 2, 1]
---------------------------
\GERAÇÃO 15 --------
Custo: 606.00
Rota: [1, 8, 9, 12, 7, 5, 11, 10, 3, 4, 6, 2, 1]
---------------------------
\GERAÇÃO 16 --------
Custo: 606.00
Rota: [1, 8, 9, 12, 7, 5, 11, 10, 3, 4, 6, 2, 1]
---------------------------
\GERAÇÃO 17 --------
Custo: 606.00
Rota: [1, 8, 9, 12, 7, 5, 11, 10, 3, 4, 6, 2, 1]
---------------------------
\GERAÇÃO 18 --------
Custo: 606.00
Rota: [1, 8, 9, 12, 7, 5, 11, 10, 3, 4, 6, 2, 1]
---------------------------
\GERAÇÃO 19 --------
Custo: 606.00
Rota: [1, 8, 9, 12, 7, 5, 11, 10, 3, 4, 6, 2, 1]
---------------------------
\GERAÇÃO 20 --------
Custo: 606.00
Rota: [1, 8, 9, 12, 7, 5, 11, 10, 3, 4, 6, 2, 1]
---------------------------
