RESULTADOS - PROBLEMA_5_KM

CONFIGURAÇÃO:
  Número de gerações: 20
  Taxa de mutação: 0.3
============================================================
ESTATÍSTICAS GERAIS
============================================================
Melhor caminho encontrado: [1, 23, 3, 4, 6, 15, 18, 14, 5, 24, 13, 20, 16, 19, 7, 17, 22, 21, 8, 9, 12, 10, 11, 2, 1]
Melhor custo encontrado: 1321.00
Custo médio: 1321.00
Tempo médio: 1.42s
Tempo total: 28.45s

============================================================
TODAS AS MELHORES SOLUÇÕES POR GERAÇÃO
============================================================

Geração 1 --------
Custo: 1321.00
Rota: [1, 2, 11, 10, 12, 9, 8, 21, 22, 17, 7, 19, 16, 20, 13, 24, 5, 14, 18, 15, 6, 4, 3, 23, 1]
---------------------------

Geração 2 --------
Custo: 1321.00
Rota: [1, 2, 11, 10, 12, 9, 8, 21, 22, 17, 7, 19, 16, 20, 13, 24, 5, 14, 18, 15, 6, 4, 3, 23, 1]
---------------------------

Geração 3 --------
Custo: 1321.00
Rota: [1, 2, 11, 10, 12, 9, 8, 21, 22, 17, 7, 19, 16, 20, 13, 24, 5, 14, 18, 15, 6, 4, 3, 23, 1]
---------------------------

Geração 4 --------
Custo: 1321.00
Rota: [1, 2, 11, 10, 12, 9, 8, 21, 22, 17, 7, 19, 16, 20, 13, 24, 5, 14, 18, 15, 6, 4, 3, 23, 1]
---------------------------

Geração 5 --------
Custo: 1321.00
Rota: [1, 2, 11, 10, 12, 9, 8, 21, 22, 17, 7, 19, 16, 20, 13, 24, 5, 14, 18, 15, 6, 4, 3, 23, 1]
---------------------------

Geração 6 --------
Custo: 1321.00
Rota: [1, 2, 11, 10, 12, 9, 8, 21, 22, 17, 7, 19, 16, 20, 13, 24, 5, 14, 18, 15, 6, 4, 3, 23, 1]
---------------------------

Geração 7 --------
Custo: 1321.00
Rota: [1, 2, 11, 10, 12, 9, 8, 21, 22, 17, 7, 19, 16, 20, 13, 24, 5, 14, 18, 15, 6, 4, 3, 23, 1]
---------------------------

Geração 8 --------
Custo: 1321.00
Rota: [1, 2, 11, 10, 12, 9, 8, 21, 22, 17, 7, 19, 16, 20, 13, 24, 5, 14, 18, 15, 6, 4, 3, 23, 1]
---------------------------

Geração 9 --------
Custo: 1321.00
Rota: [1, 2, 11, 10, 12, 9, 8, 21, 22, 17, 7, 19, 16, 20, 13, 24, 5, 14, 18, 15, 6, 4, 3, 23, 1]
---------------------------

Geração 10 --------
Custo: 1321.00
Rota: [1, 2, 11, 10, 12, 9, 8, 21, 22, 17, 7, 19, 16, 20, 13, 24, 5, 14, 18, 15, 6, 4, 3, 23, 1]
---------------------------

Geração 11 --------
Custo: 1321.00
Rota: [1, 2, 11, 10, 12, 9, 8, 21, 22, 17, 7, 19, 16, 20, 13, 24, 5, 14, 18, 15, 6, 4, 3, 23, 1]
---------------------------

Geração 12 --------
Custo: 1321.00
Rota: [1, 2, 11, 10, 12, 9, 8, 21, 22, 17, 7, 19, 16, 20, 13, 24, 5, 14, 18, 15, 6, 4, 3, 23, 1]
---------------------------

Geração 13 --------
Custo: 1321.00
Rota: [1, 2, 11, 10, 12, 9, 8, 21, 22, 17, 7, 19, 16, 20, 13, 24, 5, 14, 18, 15, 6, 4, 3, 23, 1]
---------------------------

Geração 14 --------
Custo: 1321.00
Rota: [1, 2, 11, 10, 12, 9, 8, 21, 22, 17, 7, 19, 16, 20, 13, 24, 5, 14, 18, 15, 6, 4, 3, 23, 1]
---------------------------

Geração 15 --------
Custo: 1321.00
Rota: [1, 23, 3, 4, 6, 15, 18, 14, 5, 24, 13, 20, 16, 19, 7, 17, 22, 21, 8, 9, 12, 10, 11, 2, 1]
---------------------------

Geração 16 --------
Custo: 1321.00
Rota: [1, 23, 3, 4, 6, 15, 18, 14, 5, 24, 13, 20, 16, 19, 7, 17, 22, 21, 8, 9, 12, 10, 11, 2, 1]
---------------------------

Geração 17 --------
Custo: 1321.00
Rota: [1, 23, 3, 4, 6, 15, 18, 14, 5, 24, 13, 20, 16, 19, 7, 17, 22, 21, 8, 9, 12, 10, 11, 2, 1]
---------------------------

Geração 18 --------
Custo: 1321.00
Rota: [1, 23, 3, 4, 6, 15, 18, 14, 5, 24, 13, 20, 16, 19, 7, 17, 22, 21, 8, 9, 12, 10, 11, 2, 1]
---------------------------

Geração 19 --------
Custo: 1321.00
Rota: [1, 23, 3, 4, 6, 15, 18, 14, 5, 24, 13, 20, 16, 19, 7, 17, 22, 21, 8, 9, 12, 10, 11, 2, 1]
---------------------------

Geração 20 --------
Custo: 1321.00
Rota: [1, 23, 3, 4, 6, 15, 18, 14, 5, 24, 13, 20, 16, 19, 7, 17, 22, 21, 8, 9, 12, 10, 11, 2, 1]
---------------------------
