RESULTADOS - PROBLEMA 7
CONFIGURAÇÃO:
  Número de gerações: 20
  Taxa de mutação: 0.3
============================================================
ESTATÍSTICAS GERAIS
============================================================
Melhor caminho encontrado: [1, 6, 4, 3, 2, 11, 5, 7, 12, 10, 9, 8, 1]
Melhor custo encontrado: 672.70
Custo médio: 672.70
Tempo médio: 0.09s
Tempo total: 1.87s

============================================================
TODAS MELHORES SOLUÇÕES ENCONTRADAS
============================================================
\GERAÇÃO 1 --------
Custo: 672.70
Rota: [1, 6, 4, 3, 2, 11, 5, 7, 12, 10, 9, 8, 1]
---------------------------
\GERAÇÃO 2 --------
Custo: 672.70
Rota: [1, 6, 4, 3, 2, 11, 5, 7, 12, 10, 9, 8, 1]
---------------------------
\GERAÇÃO 3 --------
Custo: 672.70
Rota: [1, 6, 4, 3, 2, 11, 5, 7, 12, 10, 9, 8, 1]
---------------------------
\GERAÇÃO 4 --------
Custo: 672.70
Rota: [1, 6, 4, 3, 2, 11, 5, 7, 12, 10, 9, 8, 1]
---------------------------
\GERAÇÃO 5 --------
Custo: 672.70
Rota: [1, 6, 4, 3, 2, 11, 5, 7, 12, 10, 9, 8, 1]
---------------------------
\GERAÇÃO 6 --------
Custo: 672.70
Rota: [1, 6, 4, 3, 2, 11, 5, 7, 12, 10, 9, 8, 1]
---------------------------
\GERAÇÃO 7 --------
Custo: 672.70
Rota: [1, 6, 4, 3, 2, 11, 5, 7, 12, 10, 9, 8, 1]
---------------------------
\GERAÇÃO 8 --------
Custo: 672.70
Rota: [1, 6, 4, 3, 2, 11, 5, 7, 12, 10, 9, 8, 1]
---------------------------
\GERAÇÃO 9 --------
Custo: 672.70
Rota: [1, 6, 4, 3, 2, 11, 5, 7, 12, 10, 9, 8, 1]
---------------------------
\GERAÇÃO 10 --------
Custo: 672.70
Rota: [1, 6, 4, 3, 2, 11, 5, 7, 12, 10, 9, 8, 1]
---------------------------
\GERAÇÃO 11 --------
Custo: 672.70
Rota: [1, 6, 4, 3, 2, 11, 5, 7, 12, 10, 9, 8, 1]
---------------------------
\GERAÇÃO 12 --------
Custo: 672.70
Rota: [1, 6, 4, 3, 2, 11, 5, 7, 12, 10, 9, 8, 1]
---------------------------
\GERAÇÃO 13 --------
Custo: 672.70
Rota: [1, 6, 4, 3, 2, 11, 5, 7, 12, 10, 9, 8, 1]
---------------------------
\GERAÇÃO 14 --------
Custo: 672.70
Rota: [1, 6, 4, 3, 2, 11, 5, 7, 12, 10, 9, 8, 1]
---------------------------
\GERAÇÃO 15 --------
Custo: 672.70
Rota: [1, 6, 4, 3, 2, 11, 5, 7, 12, 10, 9, 8, 1]
---------------------------
\GERAÇÃO 16 --------
Custo: 672.70
Rota: [1, 6, 4, 3, 2, 11, 5, 7, 12, 10, 9, 8, 1]
---------------------------
\GERAÇÃO 17 --------
Custo: 672.70
Rota: [1, 6, 4, 3, 2, 11, 5, 7, 12, 10, 9, 8, 1]
---------------------------
\GERAÇÃO 18 --------
Custo: 672.70
Rota: [1, 6, 4, 3, 2, 11, 5, 7, 12, 10, 9, 8, 1]
---------------------------
\GERAÇÃO 19 --------
Custo: 672.70
Rota: [1, 6, 4, 3, 2, 11, 5, 7, 12, 10, 9, 8, 1]
---------------------------
\GERAÇÃO 20 --------
Custo: 672.70
Rota: [1, 6, 4, 3, 2, 11, 5, 7, 12, 10, 9, 8, 1]
---------------------------
