RESULTADOS - PROBLEMA 2
CONFIGURAÇÃO:
  Número de gerações: 20
  Taxa de mutação: 0.3
============================================================
ESTATÍSTICAS GERAIS
============================================================
Melhor caminho encontrado: [1, 10, 11, 5, 41, 30, 6, 27, 44, 28, 15, 18, 45, 46, 14, 43, 29, 24, 13, 37, 47, 39, 35, 42, 26, 32, 16, 34, 33, 19, 7, 31, 36, 22, 48, 40, 25, 17, 20, 38, 12, 9, 8, 21, 23, 4, 3, 2, 1]
Melhor custo encontrado: 1973.00
Custo médio: 1978.35
Tempo médio: 15.77s
Tempo total: 315.33s

============================================================
TODAS MELHORES SOLUÇÕES ENCONTRADAS
============================================================
\GERAÇÃO 1 --------
Custo: 2020.00
Rota: [1, 8, 9, 12, 10, 38, 20, 17, 25, 40, 48, 22, 36, 31, 7, 19, 33, 34, 16, 32, 26, 42, 35, 39, 47, 37, 13, 24, 29, 43, 14, 46, 45, 18, 15, 28, 44, 5, 11, 2, 3, 4, 41, 27, 6, 30, 21, 23, 1]
---------------------------
\GERAÇÃO 2 --------
Custo: 2003.00
Rota: [1, 23, 21, 8, 9, 12, 38, 20, 17, 40, 48, 22, 36, 25, 31, 7, 19, 33, 34, 16, 32, 26, 42, 35, 39, 47, 37, 13, 24, 29, 43, 14, 46, 45, 18, 15, 28, 44, 27, 6, 30, 41, 4, 3, 2, 5, 11, 10, 1]
---------------------------
\GERAÇÃO 3 --------
Custo: 2003.00
Rota: [1, 23, 21, 8, 9, 12, 38, 20, 17, 40, 48, 22, 36, 25, 31, 7, 19, 33, 34, 16, 32, 26, 42, 35, 39, 47, 37, 13, 24, 29, 43, 14, 46, 45, 18, 15, 28, 44, 27, 6, 30, 41, 4, 3, 2, 5, 11, 10, 1]
---------------------------
\GERAÇÃO 4 --------
Custo: 1973.00
Rota: [1, 10, 11, 5, 41, 30, 6, 27, 44, 28, 15, 18, 45, 46, 14, 43, 29, 24, 13, 37, 47, 39, 35, 42, 26, 32, 16, 34, 33, 19, 7, 31, 36, 22, 48, 40, 25, 17, 20, 38, 12, 9, 8, 21, 23, 4, 3, 2, 1]
---------------------------
\GERAÇÃO 5 --------
Custo: 1973.00
Rota: [1, 10, 11, 5, 41, 30, 6, 27, 44, 28, 15, 18, 45, 46, 14, 43, 29, 24, 13, 37, 47, 39, 35, 42, 26, 32, 16, 34, 33, 19, 7, 31, 36, 22, 48, 40, 25, 17, 20, 38, 12, 9, 8, 21, 23, 4, 3, 2, 1]
---------------------------
\GERAÇÃO 6 --------
Custo: 1973.00
Rota: [1, 10, 11, 5, 41, 30, 6, 27, 44, 28, 15, 18, 45, 46, 14, 43, 29, 24, 13, 37, 47, 39, 35, 42, 26, 32, 16, 34, 33, 19, 7, 31, 36, 22, 48, 40, 25, 17, 20, 38, 12, 9, 8, 21, 23, 4, 3, 2, 1]
---------------------------
\GERAÇÃO 7 --------
Custo: 1973.00
Rota: [1, 10, 11, 5, 41, 30, 6, 27, 44, 28, 15, 18, 45, 46, 14, 43, 29, 24, 13, 37, 47, 39, 35, 42, 26, 32, 16, 34, 33, 19, 7, 31, 36, 22, 48, 40, 25, 17, 20, 38, 12, 9, 8, 21, 23, 4, 3, 2, 1]
---------------------------
\GERAÇÃO 8 --------
Custo: 1973.00
Rota: [1, 10, 11, 5, 41, 30, 6, 27, 44, 28, 15, 18, 45, 46, 14, 43, 29, 24, 13, 37, 47, 39, 35, 42, 26, 32, 16, 34, 33, 19, 7, 31, 36, 22, 48, 40, 25, 17, 20, 38, 12, 9, 8, 21, 23, 4, 3, 2, 1]
---------------------------
\GERAÇÃO 9 --------
Custo: 1973.00
Rota: [1, 10, 11, 5, 41, 30, 6, 27, 44, 28, 15, 18, 45, 46, 14, 43, 29, 24, 13, 37, 47, 39, 35, 42, 26, 32, 16, 34, 33, 19, 7, 31, 36, 22, 48, 40, 25, 17, 20, 38, 12, 9, 8, 21, 23, 4, 3, 2, 1]
---------------------------
\GERAÇÃO 10 --------
Custo: 1973.00
Rota: [1, 10, 11, 5, 41, 30, 6, 27, 44, 28, 15, 18, 45, 46, 14, 43, 29, 24, 13, 37, 47, 39, 35, 42, 26, 32, 16, 34, 33, 19, 7, 31, 36, 22, 48, 40, 25, 17, 20, 38, 12, 9, 8, 21, 23, 4, 3, 2, 1]
---------------------------
\GERAÇÃO 11 --------
Custo: 1973.00
Rota: [1, 10, 11, 5, 41, 30, 6, 27, 44, 28, 15, 18, 45, 46, 14, 43, 29, 24, 13, 37, 47, 39, 35, 42, 26, 32, 16, 34, 33, 19, 7, 31, 36, 22, 48, 40, 25, 17, 20, 38, 12, 9, 8, 21, 23, 4, 3, 2, 1]
---------------------------
\GERAÇÃO 12 --------
Custo: 1973.00
Rota: [1, 10, 11, 5, 41, 30, 6, 27, 44, 28, 15, 18, 45, 46, 14, 43, 29, 24, 13, 37, 47, 39, 35, 42, 26, 32, 16, 34, 33, 19, 7, 31, 36, 22, 48, 40, 25, 17, 20, 38, 12, 9, 8, 21, 23, 4, 3, 2, 1]
---------------------------
\GERAÇÃO 13 --------
Custo: 1973.00
Rota: [1, 10, 11, 5, 41, 30, 6, 27, 44, 28, 15, 18, 45, 46, 14, 43, 29, 24, 13, 37, 47, 39, 35, 42, 26, 32, 16, 34, 33, 19, 7, 31, 36, 22, 48, 40, 25, 17, 20, 38, 12, 9, 8, 21, 23, 4, 3, 2, 1]
---------------------------
\GERAÇÃO 14 --------
Custo: 1973.00
Rota: [1, 10, 11, 5, 41, 30, 6, 27, 44, 28, 15, 18, 45, 46, 14, 43, 29, 24, 13, 37, 47, 39, 35, 42, 26, 32, 16, 34, 33, 19, 7, 31, 36, 22, 48, 40, 25, 17, 20, 38, 12, 9, 8, 21, 23, 4, 3, 2, 1]
---------------------------
\GERAÇÃO 15 --------
Custo: 1973.00
Rota: [1, 10, 11, 5, 41, 30, 6, 27, 44, 28, 15, 18, 45, 46, 14, 43, 29, 24, 13, 37, 47, 39, 35, 42, 26, 32, 16, 34, 33, 19, 7, 31, 36, 22, 48, 40, 25, 17, 20, 38, 12, 9, 8, 21, 23, 4, 3, 2, 1]
---------------------------
\GERAÇÃO 16 --------
Custo: 1973.00
Rota: [1, 10, 11, 5, 41, 30, 6, 27, 44, 28, 15, 18, 45, 46, 14, 43, 29, 24, 13, 37, 47, 39, 35, 42, 26, 32, 16, 34, 33, 19, 7, 31, 36, 22, 48, 40, 25, 17, 20, 38, 12, 9, 8, 21, 23, 4, 3, 2, 1]
---------------------------
\GERAÇÃO 17 --------
Custo: 1973.00
Rota: [1, 10, 11, 5, 41, 30, 6, 27, 44, 28, 15, 18, 45, 46, 14, 43, 29, 24, 13, 37, 47, 39, 35, 42, 26, 32, 16, 34, 33, 19, 7, 31, 36, 22, 48, 40, 25, 17, 20, 38, 12, 9, 8, 21, 23, 4, 3, 2, 1]
---------------------------
\GERAÇÃO 18 --------
Custo: 1973.00
Rota: [1, 10, 11, 5, 41, 30, 6, 27, 44, 28, 15, 18, 45, 46, 14, 43, 29, 24, 13, 37, 47, 39, 35, 42, 26, 32, 16, 34, 33, 19, 7, 31, 36, 22, 48, 40, 25, 17, 20, 38, 12, 9, 8, 21, 23, 4, 3, 2, 1]
---------------------------
\GERAÇÃO 19 --------
Custo: 1973.00
Rota: [1, 10, 11, 5, 41, 30, 6, 27, 44, 28, 15, 18, 45, 46, 14, 43, 29, 24, 13, 37, 47, 39, 35, 42, 26, 32, 16, 34, 33, 19, 7, 31, 36, 22, 48, 40, 25, 17, 20, 38, 12, 9, 8, 21, 23, 4, 3, 2, 1]
---------------------------
\GERAÇÃO 20 --------
Custo: 1973.00
Rota: [1, 10, 11, 5, 41, 30, 6, 27, 44, 28, 15, 18, 45, 46, 14, 43, 29, 24, 13, 37, 47, 39, 35, 42, 26, 32, 16, 34, 33, 19, 7, 31, 36, 22, 48, 40, 25, 17, 20, 38, 12, 9, 8, 21, 23, 4, 3, 2, 1]
---------------------------
