RESULTADOS - PROBLEMA_4_MIN

CONFIGURAÇÃO:
  Número de gerações: 20
  Taxa de mutação: 0.3
============================================================
ESTATÍSTICAS GERAIS
============================================================
Melhor caminho encontrado: [1, 23, 4, 3, 2, 5, 11, 10, 12, 9, 22, 36, 31, 25, 17, 7, 19, 20, 33, 34, 16, 32, 26, 35, 13, 24, 29, 14, 18, 15, 28, 27, 6, 30, 21, 8, 1]
Melhor custo encontrado: 1663.00
Custo médio: 1663.80
Tempo médio: 6.35s
Tempo total: 126.93s

============================================================
TODAS AS MELHORES SOLUÇÕES POR GERAÇÃO
============================================================

Geração 1 --------
Custo: 1668.00
Rota: [1, 23, 21, 22, 36, 31, 25, 17, 7, 19, 20, 33, 34, 16, 32, 26, 35, 13, 24, 29, 14, 18, 15, 28, 27, 6, 30, 4, 3, 2, 5, 11, 10, 12, 9, 8, 1]
---------------------------

Geração 2 --------
Custo: 1668.00
Rota: [1, 23, 21, 22, 36, 31, 25, 17, 7, 19, 20, 33, 34, 16, 32, 26, 35, 13, 24, 29, 14, 18, 15, 28, 27, 6, 30, 4, 3, 2, 5, 11, 10, 12, 9, 8, 1]
---------------------------

Geração 3 --------
Custo: 1666.00
Rota: [1, 8, 9, 12, 10, 11, 5, 14, 29, 24, 13, 35, 26, 32, 16, 34, 33, 20, 19, 7, 17, 25, 31, 36, 22, 21, 30, 6, 27, 28, 15, 18, 4, 3, 2, 23, 1]
---------------------------

Geração 4 --------
Custo: 1666.00
Rota: [1, 8, 9, 12, 10, 11, 5, 14, 29, 24, 13, 35, 26, 32, 16, 34, 33, 20, 19, 7, 17, 25, 31, 36, 22, 21, 30, 6, 27, 28, 15, 18, 4, 3, 2, 23, 1]
---------------------------

Geração 5 --------
Custo: 1663.00
Rota: [1, 23, 4, 3, 2, 5, 11, 10, 12, 9, 22, 36, 31, 25, 17, 7, 19, 20, 33, 34, 16, 32, 26, 35, 13, 24, 29, 14, 18, 15, 28, 27, 6, 30, 21, 8, 1]
---------------------------

Geração 6 --------
Custo: 1663.00
Rota: [1, 23, 4, 3, 2, 5, 11, 10, 12, 9, 22, 36, 31, 25, 17, 7, 19, 20, 33, 34, 16, 32, 26, 35, 13, 24, 29, 14, 18, 15, 28, 27, 6, 30, 21, 8, 1]
---------------------------

Geração 7 --------
Custo: 1663.00
Rota: [1, 23, 4, 3, 2, 5, 11, 10, 12, 9, 22, 36, 31, 25, 17, 7, 19, 20, 33, 34, 16, 32, 26, 35, 13, 24, 29, 14, 18, 15, 28, 27, 6, 30, 21, 8, 1]
---------------------------

Geração 8 --------
Custo: 1663.00
Rota: [1, 23, 4, 3, 2, 5, 11, 10, 12, 9, 22, 36, 31, 25, 17, 7, 19, 20, 33, 34, 16, 32, 26, 35, 13, 24, 29, 14, 18, 15, 28, 27, 6, 30, 21, 8, 1]
---------------------------

Geração 9 --------
Custo: 1663.00
Rota: [1, 23, 4, 3, 2, 5, 11, 10, 12, 9, 22, 36, 31, 25, 17, 7, 19, 20, 33, 34, 16, 32, 26, 35, 13, 24, 29, 14, 18, 15, 28, 27, 6, 30, 21, 8, 1]
---------------------------

Geração 10 --------
Custo: 1663.00
Rota: [1, 23, 4, 3, 2, 5, 11, 10, 12, 9, 22, 36, 31, 25, 17, 7, 19, 20, 33, 34, 16, 32, 26, 35, 13, 24, 29, 14, 18, 15, 28, 27, 6, 30, 21, 8, 1]
---------------------------

Geração 11 --------
Custo: 1663.00
Rota: [1, 23, 4, 3, 2, 5, 11, 10, 12, 9, 22, 36, 31, 25, 17, 7, 19, 20, 33, 34, 16, 32, 26, 35, 13, 24, 29, 14, 18, 15, 28, 27, 6, 30, 21, 8, 1]
---------------------------

Geração 12 --------
Custo: 1663.00
Rota: [1, 23, 4, 3, 2, 5, 11, 10, 12, 9, 22, 36, 31, 25, 17, 7, 19, 20, 33, 34, 16, 32, 26, 35, 13, 24, 29, 14, 18, 15, 28, 27, 6, 30, 21, 8, 1]
---------------------------

Geração 13 --------
Custo: 1663.00
Rota: [1, 23, 4, 3, 2, 5, 11, 10, 12, 9, 22, 36, 31, 25, 17, 7, 19, 20, 33, 34, 16, 32, 26, 35, 13, 24, 29, 14, 18, 15, 28, 27, 6, 30, 21, 8, 1]
---------------------------

Geração 14 --------
Custo: 1663.00
Rota: [1, 23, 4, 3, 2, 5, 11, 10, 12, 9, 22, 36, 31, 25, 17, 7, 19, 20, 33, 34, 16, 32, 26, 35, 13, 24, 29, 14, 18, 15, 28, 27, 6, 30, 21, 8, 1]
---------------------------

Geração 15 --------
Custo: 1663.00
Rota: [1, 23, 4, 3, 2, 5, 11, 10, 12, 9, 22, 36, 31, 25, 17, 7, 19, 20, 33, 34, 16, 32, 26, 35, 13, 24, 29, 14, 18, 15, 28, 27, 6, 30, 21, 8, 1]
---------------------------

Geração 16 --------
Custo: 1663.00
Rota: [1, 23, 4, 3, 2, 5, 11, 10, 12, 9, 22, 36, 31, 25, 17, 7, 19, 20, 33, 34, 16, 32, 26, 35, 13, 24, 29, 14, 18, 15, 28, 27, 6, 30, 21, 8, 1]
---------------------------

Geração 17 --------
Custo: 1663.00
Rota: [1, 23, 4, 3, 2, 5, 11, 10, 12, 9, 22, 36, 31, 25, 17, 7, 19, 20, 33, 34, 16, 32, 26, 35, 13, 24, 29, 14, 18, 15, 28, 27, 6, 30, 21, 8, 1]
---------------------------

Geração 18 --------
Custo: 1663.00
Rota: [1, 23, 4, 3, 2, 5, 11, 10, 12, 9, 22, 36, 31, 25, 17, 7, 19, 20, 33, 34, 16, 32, 26, 35, 13, 24, 29, 14, 18, 15, 28, 27, 6, 30, 21, 8, 1]
---------------------------

Geração 19 --------
Custo: 1663.00
Rota: [1, 23, 4, 3, 2, 5, 11, 10, 12, 9, 22, 36, 31, 25, 17, 7, 19, 20, 33, 34, 16, 32, 26, 35, 13, 24, 29, 14, 18, 15, 28, 27, 6, 30, 21, 8, 1]
---------------------------

Geração 20 --------
Custo: 1663.00
Rota: [1, 23, 4, 3, 2, 5, 11, 10, 12, 9, 22, 36, 31, 25, 17, 7, 19, 20, 33, 34, 16, 32, 26, 35, 13, 24, 29, 14, 18, 15, 28, 27, 6, 30, 21, 8, 1]
---------------------------
