RESULTADOS - PROBLEMA_1_KM

CONFIGURAÇÃO:
  Número de gerações: 20
  Taxa de mutação: 0.3
============================================================
ESTATÍSTICAS GERAIS
============================================================
Melhor caminho encontrado: [1, 3, 4, 23, 8, 9, 21, 30, 6, 27, 41, 44, 28, 15, 18, 45, 46, 14, 43, 29, 24, 13, 37, 47, 39, 35, 42, 26, 32, 34, 16, 33, 20, 19, 7, 17, 31, 25, 36, 40, 48, 22, 38, 12, 10, 11, 5, 2, 1]
Melhor custo encontrado: 1950.60
Custo médio: 1952.02
Tempo médio: 20.27s
Tempo total: 405.40s

============================================================
TODAS AS MELHORES SOLUÇÕES POR GERAÇÃO
============================================================

Geração 1 --------
Custo: 1960.10
Rota: [1, 11, 5, 2, 3, 4, 23, 8, 9, 21, 30, 6, 27, 41, 44, 28, 15, 18, 45, 46, 14, 43, 29, 24, 13, 37, 47, 39, 35, 42, 26, 32, 16, 34, 19, 7, 31, 36, 22, 48, 40, 25, 17, 33, 20, 38, 12, 10, 1]
---------------------------

Geração 2 --------
Custo: 1960.10
Rota: [1, 11, 5, 2, 3, 4, 23, 8, 9, 21, 30, 6, 27, 41, 44, 28, 15, 18, 45, 46, 14, 43, 29, 24, 13, 37, 47, 39, 35, 42, 26, 32, 16, 34, 19, 7, 31, 36, 22, 48, 40, 25, 17, 33, 20, 38, 12, 10, 1]
---------------------------

Geração 3 --------
Custo: 1960.10
Rota: [1, 11, 5, 2, 3, 4, 23, 8, 9, 21, 30, 6, 27, 41, 44, 28, 15, 18, 45, 46, 14, 43, 29, 24, 13, 37, 47, 39, 35, 42, 26, 32, 16, 34, 19, 7, 31, 36, 22, 48, 40, 25, 17, 33, 20, 38, 12, 10, 1]
---------------------------

Geração 4 --------
Custo: 1950.60
Rota: [1, 3, 4, 23, 8, 9, 21, 30, 6, 27, 41, 44, 28, 15, 18, 45, 46, 14, 43, 29, 24, 13, 37, 47, 39, 35, 42, 26, 32, 34, 16, 33, 20, 19, 7, 17, 31, 25, 36, 40, 48, 22, 38, 12, 10, 11, 5, 2, 1]
---------------------------

Geração 5 --------
Custo: 1950.60
Rota: [1, 3, 4, 23, 8, 9, 21, 30, 6, 27, 41, 44, 28, 15, 18, 45, 46, 14, 43, 29, 24, 13, 37, 47, 39, 35, 42, 26, 32, 34, 16, 33, 20, 19, 7, 17, 31, 25, 36, 40, 48, 22, 38, 12, 10, 11, 5, 2, 1]
---------------------------

Geração 6 --------
Custo: 1950.60
Rota: [1, 3, 4, 23, 8, 9, 21, 30, 6, 27, 41, 44, 28, 15, 18, 45, 46, 14, 43, 29, 24, 13, 37, 47, 39, 35, 42, 26, 32, 34, 16, 33, 20, 19, 7, 17, 31, 25, 36, 40, 48, 22, 38, 12, 10, 11, 5, 2, 1]
---------------------------

Geração 7 --------
Custo: 1950.60
Rota: [1, 3, 4, 23, 8, 9, 21, 30, 6, 27, 41, 44, 28, 15, 18, 45, 46, 14, 43, 29, 24, 13, 37, 47, 39, 35, 42, 26, 32, 34, 16, 33, 20, 19, 7, 17, 31, 25, 36, 40, 48, 22, 38, 12, 10, 11, 5, 2, 1]
---------------------------

Geração 8 --------
Custo: 1950.60
Rota: [1, 3, 4, 23, 8, 9, 21, 30, 6, 27, 41, 44, 28, 15, 18, 45, 46, 14, 43, 29, 24, 13, 37, 47, 39, 35, 42, 26, 32, 34, 16, 33, 20, 19, 7, 17, 31, 25, 36, 40, 48, 22, 38, 12, 10, 11, 5, 2, 1]
---------------------------

Geração 9 --------
Custo: 1950.60
Rota: [1, 3, 4, 23, 8, 9, 21, 30, 6, 27, 41, 44, 28, 15, 18, 45, 46, 14, 43, 29, 24, 13, 37, 47, 39, 35, 42, 26, 32, 34, 16, 33, 20, 19, 7, 17, 31, 25, 36, 40, 48, 22, 38, 12, 10, 11, 5, 2, 1]
---------------------------

Geração 10 --------
Custo: 1950.60
Rota: [1, 3, 4, 23, 8, 9, 21, 30, 6, 27, 41, 44, 28, 15, 18, 45, 46, 14, 43, 29, 24, 13, 37, 47, 39, 35, 42, 26, 32, 34, 16, 33, 20, 19, 7, 17, 31, 25, 36, 40, 48, 22, 38, 12, 10, 11, 5, 2, 1]
---------------------------

Geração 11 --------
Custo: 1950.60
Rota: [1, 3, 4, 23, 8, 9, 21, 30, 6, 27, 41, 44, 28, 15, 18, 45, 46, 14, 43, 29, 24, 13, 37, 47, 39, 35, 42, 26, 32, 34, 16, 33, 20, 19, 7, 17, 31, 25, 36, 40, 48, 22, 38, 12, 10, 11, 5, 2, 1]
---------------------------

Geração 12 --------
Custo: 1950.60
Rota: [1, 3, 4, 23, 8, 9, 21, 30, 6, 27, 41, 44, 28, 15, 18, 45, 46, 14, 43, 29, 24, 13, 37, 47, 39, 35, 42, 26, 32, 34, 16, 33, 20, 19, 7, 17, 31, 25, 36, 40, 48, 22, 38, 12, 10, 11, 5, 2, 1]
---------------------------

Geração 13 --------
Custo: 1950.60
Rota: [1, 3, 4, 23, 8, 9, 21, 30, 6, 27, 41, 44, 28, 15, 18, 45, 46, 14, 43, 29, 24, 13, 37, 47, 39, 35, 42, 26, 32, 34, 16, 33, 20, 19, 7, 17, 31, 25, 36, 40, 48, 22, 38, 12, 10, 11, 5, 2, 1]
---------------------------

Geração 14 --------
Custo: 1950.60
Rota: [1, 3, 4, 23, 8, 9, 21, 30, 6, 27, 41, 44, 28, 15, 18, 45, 46, 14, 43, 29, 24, 13, 37, 47, 39, 35, 42, 26, 32, 34, 16, 33, 20, 19, 7, 17, 31, 25, 36, 40, 48, 22, 38, 12, 10, 11, 5, 2, 1]
---------------------------

Geração 15 --------
Custo: 1950.60
Rota: [1, 3, 4, 23, 8, 9, 21, 30, 6, 27, 41, 44, 28, 15, 18, 45, 46, 14, 43, 29, 24, 13, 37, 47, 39, 35, 42, 26, 32, 34, 16, 33, 20, 19, 7, 17, 31, 25, 36, 40, 48, 22, 38, 12, 10, 11, 5, 2, 1]
---------------------------

Geração 16 --------
Custo: 1950.60
Rota: [1, 3, 4, 23, 8, 9, 21, 30, 6, 27, 41, 44, 28, 15, 18, 45, 46, 14, 43, 29, 24, 13, 37, 47, 39, 35, 42, 26, 32, 34, 16, 33, 20, 19, 7, 17, 31, 25, 36, 40, 48, 22, 38, 12, 10, 11, 5, 2, 1]
---------------------------

Geração 17 --------
Custo: 1950.60
Rota: [1, 3, 4, 23, 8, 9, 21, 30, 6, 27, 41, 44, 28, 15, 18, 45, 46, 14, 43, 29, 24, 13, 37, 47, 39, 35, 42, 26, 32, 34, 16, 33, 20, 19, 7, 17, 31, 25, 36, 40, 48, 22, 38, 12, 10, 11, 5, 2, 1]
---------------------------

Geração 18 --------
Custo: 1950.60
Rota: [1, 3, 4, 23, 8, 9, 21, 30, 6, 27, 41, 44, 28, 15, 18, 45, 46, 14, 43, 29, 24, 13, 37, 47, 39, 35, 42, 26, 32, 34, 16, 33, 20, 19, 7, 17, 31, 25, 36, 40, 48, 22, 38, 12, 10, 11, 5, 2, 1]
---------------------------

Geração 19 --------
Custo: 1950.60
Rota: [1, 3, 4, 23, 8, 9, 21, 30, 6, 27, 41, 44, 28, 15, 18, 45, 46, 14, 43, 29, 24, 13, 37, 47, 39, 35, 42, 26, 32, 34, 16, 33, 20, 19, 7, 17, 31, 25, 36, 40, 48, 22, 38, 12, 10, 11, 5, 2, 1]
---------------------------

Geração 20 --------
Custo: 1950.60
Rota: [1, 3, 4, 23, 8, 9, 21, 30, 6, 27, 41, 44, 28, 15, 18, 45, 46, 14, 43, 29, 24, 13, 37, 47, 39, 35, 42, 26, 32, 34, 16, 33, 20, 19, 7, 17, 31, 25, 36, 40, 48, 22, 38, 12, 10, 11, 5, 2, 1]
---------------------------
